######################################################################
CNN
######################################################################
Encode Dimension = 25: 

              precision    recall  f1-score   support

           0       0.84      0.96      0.90     18815
           1       1.00      1.00      1.00    175474
           2       1.00      0.99      1.00    138932
           3       0.99      1.00      1.00     45272
           4       0.88      0.61      0.72      8418

    accuracy                           0.99    386911
   macro avg       0.94      0.91      0.92    386911
weighted avg       0.99      0.99      0.99    386911

Encode Dimension = 30:
              precision    recall  f1-score   support

           0       0.83      0.96      0.89     18815
           1       1.00      0.99      1.00    175474
           2       0.99      1.00      0.99    138932
           3       1.00      0.99      1.00     45272
           4       0.87      0.57      0.69      8418

    accuracy                           0.98    386911
   macro avg       0.94      0.90      0.91    386911
weighted avg       0.98      0.98      0.98    386911

######################################################################
LSTM
######################################################################
Encode Dimension = 20 (LSTM):  
              precision    recall  f1-score   support

           0       0.84      0.97      0.90     19094
           1       1.00      0.99      1.00    175186
           2       0.99      1.00      1.00    138954
           3       1.00      1.00      1.00     45272
           4       0.88      0.59      0.70      8404

    accuracy                           0.99    386910
   macro avg       0.94      0.91      0.92    386910
weighted avg       0.99      0.99      0.99    386910

Encode Dimension = 25 
              precision    recall  f1-score   support

           0       0.85      0.97      0.91     19067
           1       1.00      1.00      1.00    175406
           2       1.00      1.00      1.00    138489
           3       1.00      1.00      1.00     45575
           4       0.89      0.62      0.73      8373

    accuracy                           0.99    386910
   macro avg       0.95      0.92      0.93    386910
weighted avg       0.99      0.99      0.99    386910

Encode Dimension = 30
              precision    recall  f1-score   support

           0       0.88      0.94      0.91     18815
           1       1.00      1.00      1.00    175474
           2       1.00      0.99      1.00    138932
           3       1.00      1.00      1.00     45272
           4       0.84      0.70      0.76      8418

    accuracy                           0.99    386911
   macro avg       0.94      0.93      0.93    386911
weighted avg       0.99      0.99      0.99    386911

Encode Dimension = 35
              precision    recall  f1-score   support

           0       0.86      0.97      0.91     19094
           1       1.00      1.00      1.00    175186
           2       1.00      1.00      1.00    138954
           3       1.00      1.00      1.00     45272
           4       0.90      0.64      0.75      8404

    accuracy                           0.99    386910
   macro avg       0.95      0.92      0.93    386910
weighted avg       0.99      0.99      0.99    386910

Encode Dimension = 40
              precision    recall  f1-score   support

           0       0.86      0.96      0.91     18815
           1       1.00      1.00      1.00    175474
           2       1.00      1.00      1.00    138932
           3       1.00      1.00      1.00     45272
           4       0.87      0.66      0.75      8418

    accuracy                           0.99    386911
   macro avg       0.94      0.92      0.93    386911
weighted avg       0.99      0.99      0.99    386911

Encode Dimension = 45
              precision    recall  f1-score   support

           0       0.88      0.93      0.90     18815
           1       1.00      1.00      1.00    175474
           2       1.00      1.00      1.00    138932
           3       1.00      1.00      1.00     45272
           4       0.81      0.71      0.76      8418

    accuracy                           0.99    386911
   macro avg       0.94      0.93      0.93    386911
weighted avg       0.99      0.99      0.99    386911